1456.14
1589.14
1963.78
1274.45
984.43
1692.78
906.25
1158.46
617.68
538.03
1943.97
1753.97
1543.96
1113.43
759.94
734.66
875.36
1323.84
1571.89
1490.30
919.90
1932.30
1606.85
1331.53
1417.58
1129.40
871.60
1033.96
1636.77
521.59
674.11
569.00
561.09
1783.19
1555.49
1211.26
646.75
1237.42
1210.21
759.80
1150.78
1097.76
1423.78
1452.64
567.96
1061.92
1438.79
1254.70
1784.73
1488.04
744.40
605.85
1463.63
539.77
1378.66
1910.35
1363.21
1082.25
1464.93
1187.38
1318.43
1912.20
1079.15
1941.79
1858.03
793.69
604.04
651.17
527.33
641.66
1524.51
606.78
978.46
1767.31
534.91
1721.70
922.78
677.25
1545.11
1443.41
1816.21
1602.61
1705.22
923.05
766.16
1625.92
1710.25
1985.76
1118.93
1058.03
1664.62
1011.21
1896.14
1787.62
1143.49
1626.31
1631.81
654.69
1853.83
1257.88
